  -1.0000000e+00  -1.0000000e+00
   1.0000000e+00  -1.0000000e+00
   1.0000000e+00   1.0000000e+00
  -1.0000000e+00   1.0000000e+00
  -1.0000000e+00   8.9473684e-01
  -1.0000000e+00   7.8947368e-01
  -1.0000000e+00   6.8421053e-01
  -1.0000000e+00   5.7894737e-01
  -1.0000000e+00   4.7368421e-01
  -1.0000000e+00   3.6842105e-01
  -1.0000000e+00   2.6315789e-01
  -1.0000000e+00   1.5789474e-01
  -1.0000000e+00   5.2631579e-02
  -1.0000000e+00  -5.2631579e-02
  -1.0000000e+00  -1.5789474e-01
  -1.0000000e+00  -2.6315789e-01
  -1.0000000e+00  -3.6842105e-01
  -1.0000000e+00  -4.7368421e-01
  -1.0000000e+00  -5.7894737e-01
  -1.0000000e+00  -6.8421053e-01
  -1.0000000e+00  -7.8947368e-01
  -1.0000000e+00  -8.9473684e-01
  -8.9473684e-01  -1.0000000e+00
  -7.8947368e-01  -1.0000000e+00
  -6.8421053e-01  -1.0000000e+00
  -5.7894737e-01  -1.0000000e+00
  -4.7368421e-01  -1.0000000e+00
  -3.6842105e-01  -1.0000000e+00
  -2.6315789e-01  -1.0000000e+00
  -1.5789474e-01  -1.0000000e+00
  -5.2631579e-02  -1.0000000e+00
   5.2631579e-02  -1.0000000e+00
   1.5789474e-01  -1.0000000e+00
   2.6315789e-01  -1.0000000e+00
   3.6842105e-01  -1.0000000e+00
   4.7368421e-01  -1.0000000e+00
   5.7894737e-01  -1.0000000e+00
   6.8421053e-01  -1.0000000e+00
   7.8947368e-01  -1.0000000e+00
   8.9473684e-01  -1.0000000e+00
   1.0000000e+00  -8.9473684e-01
   1.0000000e+00  -7.8947368e-01
   1.0000000e+00  -6.8421053e-01
   1.0000000e+00  -5.7894737e-01
   1.0000000e+00  -4.7368421e-01
   1.0000000e+00  -3.6842105e-01
   1.0000000e+00  -2.6315789e-01
   1.0000000e+00  -1.5789474e-01
   1.0000000e+00  -5.2631579e-02
   1.0000000e+00   5.2631579e-02
   1.0000000e+00   1.5789474e-01
   1.0000000e+00   2.6315789e-01
   1.0000000e+00   3.6842105e-01
   1.0000000e+00   4.7368421e-01
   1.0000000e+00   5.7894737e-01
   1.0000000e+00   6.8421053e-01
   1.0000000e+00   7.8947368e-01
   1.0000000e+00   8.9473684e-01
   8.9473684e-01   1.0000000e+00
   7.8947368e-01   1.0000000e+00
   6.8421053e-01   1.0000000e+00
   5.7894737e-01   1.0000000e+00
   4.7368421e-01   1.0000000e+00
   3.6842105e-01   1.0000000e+00
   2.6315789e-01   1.0000000e+00
   1.5789474e-01   1.0000000e+00
   5.2631579e-02   1.0000000e+00
  -5.2631579e-02   1.0000000e+00
  -1.5789474e-01   1.0000000e+00
  -2.6315789e-01   1.0000000e+00
  -3.6842105e-01   1.0000000e+00
  -4.7368421e-01   1.0000000e+00
  -5.7894737e-01   1.0000000e+00
  -6.8421053e-01   1.0000000e+00
  -7.8947368e-01   1.0000000e+00
  -8.9473684e-01   1.0000000e+00
  -8.9473684e-01   8.9473684e-01
  -7.8947368e-01   8.9473684e-01
  -6.8421053e-01   8.9473684e-01
  -5.7894737e-01   8.9473684e-01
  -4.7368421e-01   8.9473684e-01
  -3.6842105e-01   8.9473684e-01
  -2.6315789e-01   8.9473684e-01
  -1.5789474e-01   8.9473684e-01
  -5.2631579e-02   8.9473684e-01
   5.2631579e-02   8.9473684e-01
   1.5789474e-01   8.9473684e-01
   2.6315789e-01   8.9473684e-01
   3.6842105e-01   8.9473684e-01
   4.7368421e-01   8.9473684e-01
   5.7894737e-01   8.9473684e-01
   6.8421053e-01   8.9473684e-01
   7.8947368e-01   8.9473684e-01
   8.9473684e-01   8.9473684e-01
  -8.9473684e-01   7.8947368e-01
  -7.8947368e-01   7.8947368e-01
  -6.8421053e-01   7.8947368e-01
  -5.7894737e-01   7.8947368e-01
  -4.7368421e-01   7.8947368e-01
  -3.6842105e-01   7.8947368e-01
  -2.6315789e-01   7.8947368e-01
  -1.5789474e-01   7.8947368e-01
  -5.2631579e-02   7.8947368e-01
   5.2631579e-02   7.8947368e-01
   1.5789474e-01   7.8947368e-01
   2.6315789e-01   7.8947368e-01
   3.6842105e-01   7.8947368e-01
   4.7368421e-01   7.8947368e-01
   5.7894737e-01   7.8947368e-01
   6.8421053e-01   7.8947368e-01
   7.8947368e-01   7.8947368e-01
   8.9473684e-01   7.8947368e-01
  -8.9473684e-01   6.8421053e-01
  -7.8947368e-01   6.8421053e-01
  -6.8421053e-01   6.8421053e-01
  -5.7894737e-01   6.8421053e-01
  -4.7368421e-01   6.8421053e-01
  -3.6842105e-01   6.8421053e-01
  -2.6315789e-01   6.8421053e-01
  -1.5789474e-01   6.8421053e-01
  -5.2631579e-02   6.8421053e-01
   5.2631579e-02   6.8421053e-01
   1.5789474e-01   6.8421053e-01
   2.6315789e-01   6.8421053e-01
   3.6842105e-01   6.8421053e-01
   4.7368421e-01   6.8421053e-01
   5.7894737e-01   6.8421053e-01
   6.8421053e-01   6.8421053e-01
   7.8947368e-01   6.8421053e-01
   8.9473684e-01   6.8421053e-01
  -8.9473684e-01   5.7894737e-01
  -7.8947368e-01   5.7894737e-01
  -6.8421053e-01   5.7894737e-01
  -5.7894737e-01   5.7894737e-01
  -4.7368421e-01   5.7894737e-01
  -3.6842105e-01   5.7894737e-01
  -2.6315789e-01   5.7894737e-01
  -1.5789474e-01   5.7894737e-01
  -5.2631579e-02   5.7894737e-01
   5.2631579e-02   5.7894737e-01
   1.5789474e-01   5.7894737e-01
   2.6315789e-01   5.7894737e-01
   3.6842105e-01   5.7894737e-01
   4.7368421e-01   5.7894737e-01
   5.7894737e-01   5.7894737e-01
   6.8421053e-01   5.7894737e-01
   7.8947368e-01   5.7894737e-01
   8.9473684e-01   5.7894737e-01
  -8.9473684e-01   4.7368421e-01
  -7.8947368e-01   4.7368421e-01
  -6.8421053e-01   4.7368421e-01
  -5.7894737e-01   4.7368421e-01
  -4.7368421e-01   4.7368421e-01
  -3.6842105e-01   4.7368421e-01
  -2.6315789e-01   4.7368421e-01
  -1.5789474e-01   4.7368421e-01
  -5.2631579e-02   4.7368421e-01
   5.2631579e-02   4.7368421e-01
   1.5789474e-01   4.7368421e-01
   2.6315789e-01   4.7368421e-01
   3.6842105e-01   4.7368421e-01
   4.7368421e-01   4.7368421e-01
   5.7894737e-01   4.7368421e-01
   6.8421053e-01   4.7368421e-01
   7.8947368e-01   4.7368421e-01
   8.9473684e-01   4.7368421e-01
  -8.9473684e-01   3.6842105e-01
  -7.8947368e-01   3.6842105e-01
  -6.8421053e-01   3.6842105e-01
  -5.7894737e-01   3.6842105e-01
  -4.7368421e-01   3.6842105e-01
  -3.6842105e-01   3.6842105e-01
  -2.6315789e-01   3.6842105e-01
  -1.5789474e-01   3.6842105e-01
  -5.2631579e-02   3.6842105e-01
   5.2631579e-02   3.6842105e-01
   1.5789474e-01   3.6842105e-01
   2.6315789e-01   3.6842105e-01
   3.6842105e-01   3.6842105e-01
   4.7368421e-01   3.6842105e-01
   5.7894737e-01   3.6842105e-01
   6.8421053e-01   3.6842105e-01
   7.8947368e-01   3.6842105e-01
   8.9473684e-01   3.6842105e-01
  -8.9473684e-01   2.6315789e-01
  -7.8947368e-01   2.6315789e-01
  -6.8421053e-01   2.6315789e-01
  -5.7894737e-01   2.6315789e-01
  -4.7368421e-01   2.6315789e-01
  -3.6842105e-01   2.6315789e-01
  -2.6315789e-01   2.6315789e-01
  -1.5789474e-01   2.6315789e-01
  -5.2631579e-02   2.6315789e-01
   5.2631579e-02   2.6315789e-01
   1.5789474e-01   2.6315789e-01
   2.6315789e-01   2.6315789e-01
   3.6842105e-01   2.6315789e-01
   4.7368421e-01   2.6315789e-01
   5.7894737e-01   2.6315789e-01
   6.8421053e-01   2.6315789e-01
   7.8947368e-01   2.6315789e-01
   8.9473684e-01   2.6315789e-01
  -8.9473684e-01   1.5789474e-01
  -7.8947368e-01   1.5789474e-01
  -6.8421053e-01   1.5789474e-01
  -5.7894737e-01   1.5789474e-01
  -4.7368421e-01   1.5789474e-01
  -3.6842105e-01   1.5789474e-01
  -2.6315789e-01   1.5789474e-01
  -1.5789474e-01   1.5789474e-01
  -5.2631579e-02   1.5789474e-01
   5.2631579e-02   1.5789474e-01
   1.5789474e-01   1.5789474e-01
   2.6315789e-01   1.5789474e-01
   3.6842105e-01   1.5789474e-01
   4.7368421e-01   1.5789474e-01
   5.7894737e-01   1.5789474e-01
   6.8421053e-01   1.5789474e-01
   7.8947368e-01   1.5789474e-01
   8.9473684e-01   1.5789474e-01
  -8.9473684e-01   5.2631579e-02
  -7.8947368e-01   5.2631579e-02
  -6.8421053e-01   5.2631579e-02
  -5.7894737e-01   5.2631579e-02
  -4.7368421e-01   5.2631579e-02
  -3.6842105e-01   5.2631579e-02
  -2.6315789e-01   5.2631579e-02
  -1.5789474e-01   5.2631579e-02
  -5.2631579e-02   5.2631579e-02
   5.2631579e-02   5.2631579e-02
   1.5789474e-01   5.2631579e-02
   2.6315789e-01   5.2631579e-02
   3.6842105e-01   5.2631579e-02
   4.7368421e-01   5.2631579e-02
   5.7894737e-01   5.2631579e-02
   6.8421053e-01   5.2631579e-02
   7.8947368e-01   5.2631579e-02
   8.9473684e-01   5.2631579e-02
  -8.9473684e-01  -5.2631579e-02
  -7.8947368e-01  -5.2631579e-02
  -6.8421053e-01  -5.2631579e-02
  -5.7894737e-01  -5.2631579e-02
  -4.7368421e-01  -5.2631579e-02
  -3.6842105e-01  -5.2631579e-02
  -2.6315789e-01  -5.2631579e-02
  -1.5789474e-01  -5.2631579e-02
  -5.2631579e-02  -5.2631579e-02
   5.2631579e-02  -5.2631579e-02
   1.5789474e-01  -5.2631579e-02
   2.6315789e-01  -5.2631579e-02
   3.6842105e-01  -5.2631579e-02
   4.7368421e-01  -5.2631579e-02
   5.7894737e-01  -5.2631579e-02
   6.8421053e-01  -5.2631579e-02
   7.8947368e-01  -5.2631579e-02
   8.9473684e-01  -5.2631579e-02
  -8.9473684e-01  -1.5789474e-01
  -7.8947368e-01  -1.5789474e-01
  -6.8421053e-01  -1.5789474e-01
  -5.7894737e-01  -1.5789474e-01
  -4.7368421e-01  -1.5789474e-01
  -3.6842105e-01  -1.5789474e-01
  -2.6315789e-01  -1.5789474e-01
  -1.5789474e-01  -1.5789474e-01
  -5.2631579e-02  -1.5789474e-01
   5.2631579e-02  -1.5789474e-01
   1.5789474e-01  -1.5789474e-01
   2.6315789e-01  -1.5789474e-01
   3.6842105e-01  -1.5789474e-01
   4.7368421e-01  -1.5789474e-01
   5.7894737e-01  -1.5789474e-01
   6.8421053e-01  -1.5789474e-01
   7.8947368e-01  -1.5789474e-01
   8.9473684e-01  -1.5789474e-01
  -8.9473684e-01  -2.6315789e-01
  -7.8947368e-01  -2.6315789e-01
  -6.8421053e-01  -2.6315789e-01
  -5.7894737e-01  -2.6315789e-01
  -4.7368421e-01  -2.6315789e-01
  -3.6842105e-01  -2.6315789e-01
  -2.6315789e-01  -2.6315789e-01
  -1.5789474e-01  -2.6315789e-01
  -5.2631579e-02  -2.6315789e-01
   5.2631579e-02  -2.6315789e-01
   1.5789474e-01  -2.6315789e-01
   2.6315789e-01  -2.6315789e-01
   3.6842105e-01  -2.6315789e-01
   4.7368421e-01  -2.6315789e-01
   5.7894737e-01  -2.6315789e-01
   6.8421053e-01  -2.6315789e-01
   7.8947368e-01  -2.6315789e-01
   8.9473684e-01  -2.6315789e-01
  -8.9473684e-01  -3.6842105e-01
  -7.8947368e-01  -3.6842105e-01
  -6.8421053e-01  -3.6842105e-01
  -5.7894737e-01  -3.6842105e-01
  -4.7368421e-01  -3.6842105e-01
  -3.6842105e-01  -3.6842105e-01
  -2.6315789e-01  -3.6842105e-01
  -1.5789474e-01  -3.6842105e-01
  -5.2631579e-02  -3.6842105e-01
   5.2631579e-02  -3.6842105e-01
   1.5789474e-01  -3.6842105e-01
   2.6315789e-01  -3.6842105e-01
   3.6842105e-01  -3.6842105e-01
   4.7368421e-01  -3.6842105e-01
   5.7894737e-01  -3.6842105e-01
   6.8421053e-01  -3.6842105e-01
   7.8947368e-01  -3.6842105e-01
   8.9473684e-01  -3.6842105e-01
  -8.9473684e-01  -4.7368421e-01
  -7.8947368e-01  -4.7368421e-01
  -6.8421053e-01  -4.7368421e-01
  -5.7894737e-01  -4.7368421e-01
  -4.7368421e-01  -4.7368421e-01
  -3.6842105e-01  -4.7368421e-01
  -2.6315789e-01  -4.7368421e-01
  -1.5789474e-01  -4.7368421e-01
  -5.2631579e-02  -4.7368421e-01
   5.2631579e-02  -4.7368421e-01
   1.5789474e-01  -4.7368421e-01
   2.6315789e-01  -4.7368421e-01
   3.6842105e-01  -4.7368421e-01
   4.7368421e-01  -4.7368421e-01
   5.7894737e-01  -4.7368421e-01
   6.8421053e-01  -4.7368421e-01
   7.8947368e-01  -4.7368421e-01
   8.9473684e-01  -4.7368421e-01
  -8.9473684e-01  -5.7894737e-01
  -7.8947368e-01  -5.7894737e-01
  -6.8421053e-01  -5.7894737e-01
  -5.7894737e-01  -5.7894737e-01
  -4.7368421e-01  -5.7894737e-01
  -3.6842105e-01  -5.7894737e-01
  -2.6315789e-01  -5.7894737e-01
  -1.5789474e-01  -5.7894737e-01
  -5.2631579e-02  -5.7894737e-01
   5.2631579e-02  -5.7894737e-01
   1.5789474e-01  -5.7894737e-01
   2.6315789e-01  -5.7894737e-01
   3.6842105e-01  -5.7894737e-01
   4.7368421e-01  -5.7894737e-01
   5.7894737e-01  -5.7894737e-01
   6.8421053e-01  -5.7894737e-01
   7.8947368e-01  -5.7894737e-01
   8.9473684e-01  -5.7894737e-01
  -8.9473684e-01  -6.8421053e-01
  -7.8947368e-01  -6.8421053e-01
  -6.8421053e-01  -6.8421053e-01
  -5.7894737e-01  -6.8421053e-01
  -4.7368421e-01  -6.8421053e-01
  -3.6842105e-01  -6.8421053e-01
  -2.6315789e-01  -6.8421053e-01
  -1.5789474e-01  -6.8421053e-01
  -5.2631579e-02  -6.8421053e-01
   5.2631579e-02  -6.8421053e-01
   1.5789474e-01  -6.8421053e-01
   2.6315789e-01  -6.8421053e-01
   3.6842105e-01  -6.8421053e-01
   4.7368421e-01  -6.8421053e-01
   5.7894737e-01  -6.8421053e-01
   6.8421053e-01  -6.8421053e-01
   7.8947368e-01  -6.8421053e-01
   8.9473684e-01  -6.8421053e-01
  -8.9473684e-01  -7.8947368e-01
  -7.8947368e-01  -7.8947368e-01
  -6.8421053e-01  -7.8947368e-01
  -5.7894737e-01  -7.8947368e-01
  -4.7368421e-01  -7.8947368e-01
  -3.6842105e-01  -7.8947368e-01
  -2.6315789e-01  -7.8947368e-01
  -1.5789474e-01  -7.8947368e-01
  -5.2631579e-02  -7.8947368e-01
   5.2631579e-02  -7.8947368e-01
   1.5789474e-01  -7.8947368e-01
   2.6315789e-01  -7.8947368e-01
   3.6842105e-01  -7.8947368e-01
   4.7368421e-01  -7.8947368e-01
   5.7894737e-01  -7.8947368e-01
   6.8421053e-01  -7.8947368e-01
   7.8947368e-01  -7.8947368e-01
   8.9473684e-01  -7.8947368e-01
  -8.9473684e-01  -8.9473684e-01
  -7.8947368e-01  -8.9473684e-01
  -6.8421053e-01  -8.9473684e-01
  -5.7894737e-01  -8.9473684e-01
  -4.7368421e-01  -8.9473684e-01
  -3.6842105e-01  -8.9473684e-01
  -2.6315789e-01  -8.9473684e-01
  -1.5789474e-01  -8.9473684e-01
  -5.2631579e-02  -8.9473684e-01
   5.2631579e-02  -8.9473684e-01
   1.5789474e-01  -8.9473684e-01
   2.6315789e-01  -8.9473684e-01
   3.6842105e-01  -8.9473684e-01
   4.7368421e-01  -8.9473684e-01
   5.7894737e-01  -8.9473684e-01
   6.8421053e-01  -8.9473684e-01
   7.8947368e-01  -8.9473684e-01
   8.9473684e-01  -8.9473684e-01
