0.080349263158012
0.238823969083649
0.394376682421296
0.547058358462229
0.696919090200254
0.844008122974461
0.988373868858023
1.130063920797488
1.269125066506887
1.405603302120954
1.539543845611631
1.670991149972014
1.799988916171767
1.926580105888027
2.050806954015685
2.172710980960926
2.292333004721800
2.409713152759546
2.524890873664356
2.637904948619139
2.748793502664844
2.857594015770816
2.964343333713606
3.069077678767582
3.171832660210648
3.272643284648315
3.371543966159330
3.468568536265958
3.563750253732052
3.657121814191884
3.748715359612754
3.838562487594294
3.926694260507313
4.013141214475064
4.097933368199659
4.181100231636384
4.262670814518583
4.342673634735795
4.421136726567654
4.498087648776156
4.573553492558806
4.647560889365044
4.720136018578407
4.791304615066822
4.861091976603296
4.929522971159378
4.996622044073571
5.062413225096953
5.126920135318182
5.190165993969996
5.252173625119319
5.312965464243057
5.372563564691577
5.430989604041902
5.488264890342526
5.544410368251827
5.599446625071907
5.653393896679804
5.706272073357792
5.758100705524630
5.808899009369510
5.858685872390407
5.907479858838562
5.955299215070740
6.002161874810916
6.048085464322961
6.093087307495997
6.137184430843877
6.180393568420335
6.222731166651393
6.264213389086334
6.304856121068860
6.344674974329702
6.383685291502195
6.421902150562086
6.459340369193025
6.496014509078944
6.531938880124679
6.567127544606191
6.601594321251386
6.635352789253083
6.668416292215083
6.700797942032643
6.732510622708437
6.763566994105283
6.793979495636584
6.823760349895687
6.852921566225216
6.881474944227408
6.909432077216613
6.936804355614732
6.963602970290857
6.989838915845963
7.015522993843627
7.040665815987714
7.065277807248036
7.089369208934778
7.112950081722693
7.136030308625875
7.158619597924038
7.180727486041018
7.202363340376531
7.223536362091838
7.244255588850180
7.264529897512710
7.284368006790827
7.303778479855542
7.322769726904682
7.341350007688552
7.359527433994998
7.377309972094315
7.394705445144887
7.411721535560070
7.428365787337130
7.444645608348809
7.460568272598142
7.476140922437184
7.491370570750267
7.506264103102375
7.520828279853213
7.535069738237621
7.548994994412719
7.562610445472660
7.575922371431187
7.588936937172829
7.601660194372960
7.614098083387561
7.626256435113068
7.638140972816566
7.649757313937235
7.661110971859286
7.672207357656752
7.683051781810998
7.693649455900825
7.704005494266236
7.714124915645794
7.724012644788290
7.733673514038956
7.743112264900965
7.752333549572087
7.761341932457373
7.770141891658126
7.778737820437446
7.787134028662577
7.795334744225091
7.803344114438351
7.811166207413281
7.818805013412609
7.826264446183687
7.833548344270683
7.840660472306043
7.847604522281745
7.854384114800715
7.861002800308515
7.867464060305882
7.873771308542139
7.879927892190040
7.885937093001986
7.891802128448376
7.897526152837977
7.903112258420616
7.908563476472763
7.913882778366032
7.919073076618835
7.924137225931475
7.929078024205062
7.933898213544425
7.938600481245080
7.943187460764971
7.947661732680280
7.952025825627074
7.956282217227152
7.960433334999958
7.964481557259568
7.968429213997990
7.972278587753893
7.976031914468183
7.979691384325296
7.983259142581791
7.986737290381362
7.990127885556851
7.993432943419684
7.996654437536629
7.999794300493782
8.002854424649101
8.005836662871859
8.008742829271091
8.011574699911849
8.014334013519923
8.017022472175439
8.019641741995041
8.022193453802982
8.024679203791546
8.027100554170570
8.029459033806280
8.031756138850072
8.033993333356534
8.036172049891913
8.038293690131900
8.040359625450254
8.042371197497276
8.044329718768996
8.046236473166708
8.048092716547439
8.049899677265051
8.051658556702716
8.053370529795759
8.055036745546793
8.056658327531133
8.058236374394331
8.059771960341664
8.061266135618059
8.062719926981442
8.064134338166799
8.065510350343164
8.066848922562395
8.068150992200225
8.069417475390223
8.070649267449282
8.071847243297004
8.073012257867141
8.074145146511581
8.075246725398262
8.076317791901108
8.077359124983666
8.078371485576396
8.079355616946209
8.080312245060743
8.081242078945023
8.082145811032790
8.083024117510755
8.083877658657583
8.084707079175319
8.085513008517118
8.086296061206477
8.087056837152860
8.087795921960172
8.088513887230498
8.089211290861536
8.089888677339422
8.090546578025270
8.091185511437461
8.091805983527085
8.092408487950701
8.092993506335487
8.093561508540917
8.094112952915484
8.094648286547489
8.095167945513015
8.095672355117243
8.096161930132073
8.096637075029282
8.097098184209404
8.097545642225382
8.097979824002765
8.098401095055097
8.098809811695526
8.099206321243862
8.099590962230506
8.099964064594111
8.100325949879238
8.100676931425831
8.101017314557991
8.101347396767624
8.101667467894540
8.101977810303788
8.102278699058013
8.102570402087547
8.102853180356574
8.103127288025776
8.103392972612248
8.103650475144796
8.103900030318814
8.104141866643811
8.104376206592516
8.104603266742620
8.104823257919120
8.105036385331212
8.105242848707624
8.105442842428426
8.105636555654305
8.105824172453726
8.106005871926168
8.106181828323409
8.106352211168508
8.106517185371812
8.106676911343445
8.106831545107507
8.106981238405853
8.107126138808789
8.107266389818150
8.107402130966609
8.107533497919848
8.107660622573276
8.107783633146061
8.107902654275076
8.108017807105622
8.108129209380003
8.108236975525553
8.108341216737131
8.108442041062668
8.108539553483380
8.108633855992034
8.108725047672351
8.108813224771948
8.108898480779672
8.108980906494478
8.109060590097844
8.109137617222672
8.109212071019437
8.109284032222600
8.109353579215028
8.109420788089228
8.109485732711354
8.109548484777481
8.109609113872597
8.109667687530532
8.109724271285261
8.109778928727238
8.109831721556846
8.109882709633322
8.109931951027809
8.109979502071743
8.110025417401665
8.110069750012501
8.110112551295023
8.110153871086631
8.110193757711009
8.110232258022998
8.110269417446901
8.110305280017938
8.110339888421485
8.110373284032077
8.110405506948373
8.110436596029730
8.110466588934415
8.110495522149666
8.110523431028463
8.110550349818958
8.110576311700960
8.110601348811386
8.110625492278629
8.110648772249080
8.110671217917321
8.110692857554454
8.110713718532537
8.110733827354053
8.110753209673806
8.110771890329293
8.110789893358959
8.110807242030978
8.110823958862026
8.110840065643540
8.110855583460296
8.110870532712195
8.110884933137868
8.110898803829702
8.110912163257989
8.110925029286905
8.110937419193723
8.110949349687651
8.110960836926385
8.110971896531403
8.110982543609628
8.110992792760204
8.111002658103082
8.111012153280914
8.111021291480967
8.111030085448949
8.111038547502897
8.111046689541213
8.111054523063975
8.111062059182064
8.111069308625416
8.111076281762305
8.111082988605515
8.111089438825408
8.111095641762642
8.111101606433207
8.111107341546802
8.111112855510234
8.111118156438220
8.111123252167932
8.111128150260406
8.111132858015738
8.111137382477439
8.111141730443245
8.111145908472450
8.111149922892784
8.111153779810678
8.111157485115211
8.111161044488986
8.111164463409132
8.111167747162016
8.111170900845384
8.111173929369631
8.111176837477428
8.111179629732506
8.111182310543111
8.111184884151024
8.111187354649765
8.111189725981117
8.111192001949910
8.111194186211680
8.111196282297678
8.111198293609082
8.111200223418640
8.111202074880545
8.111203851038638
8.111205554812903
8.111207189025148
8.111208756389372
8.111210259519476
8.111211700928935
8.111213083041502
8.111214408188344
8.111215678613494
8.111216896478533
8.111218063862774
8.111219182761799
8.111220255103355
8.111221282739724
8.111222267452911
8.111223210953630
8.111224114889442
8.111224980853011
8.111225810358684
8.111226604879130
8.111227365822121
8.111228094538324
8.111228792332836
8.111229460462267
8.111230100122857
8.111230712473233
8.111231298630010
8.111231859650763
8.111232396568008
8.111232910365125
8.111233401986889
8.111233872346531
8.111234322312846
8.111234752722877
8.111235164381990
8.111235558065854
8.111235934511591
8.111236294427261
8.111236638508691
8.111236967396367
8.111237281723414
8.111237582096333
8.111237869088590
8.111238143256150
8.111238405125757
8.111238655210673
8.111238893995546
8.111239121954123
8.111239339525230
8.111239547141601
8.111239745215110
8.111239934133076
8.111240114287336
8.111240286016139
8.111240449671651
8.111240605589277
8.111240754075332
8.111240895436580
8.111241029948046
8.111241157891886
8.111241279528974
8.111241395107040
8.111241504865195
8.111241609027658
8.111241707804856
8.111241801405523
8.111241890019754
8.111241973834920
8.111242053033498
8.111242127765454
8.111242198200815
8.111242264476802
8.111242326735987
8.111242385109994
8.111242439739627
8.111242490700535
8.111242538136306
8.111242582133350
8.111242622788692
8.111242660186875
8.111242694409722
8.111242725527971
8.111242753611181
8.111242778712274
8.111242800888524
8.111242820186257
8.111242836662019
8.111242850334689
8.111242861232283
8.111242869387906
8.111242874821217
8.111242877527266
8.111242877530904
8.111242874817579
8.111242869395182
8.111242861235921
8.111242850334689
8.111242836662019
8.111242820186257
8.111242800888524
8.111242778708636
8.111242753603905
8.111242725517057
8.111242694409722
8.111242660190513
8.111242622788692
8.111242582140626
8.111242538132668
8.111242490704173
8.111242439739627
8.111242385113632
8.111242326743263
8.111242264473164
8.111242198208091
8.111242127761816
8.111242053026222
8.111241973834920
8.111241890023392
8.111241801394609
8.111241707808494
8.111241609038572
8.111241504876107
8.111241395103402
8.111241279539888
8.111241157899162
8.111241029951684
8.111240895440218
8.111240754082608
8.111240605582001
8.111240449680746
8.111240286017960
8.111240114300069
8.111239934136714
8.111239745226024
8.111239547154334
8.111239339523413
8.111239121961399
8.111238893980994
8.111238655208854
8.111238405149404
8.111238143254331
8.111237869101323
8.111237582078145
8.111237281736146
8.111236967387272
8.111236638530519
8.111236294449089
8.111235934535237
8.111235558076768
8.111235164407457
8.111234752722877
8.111234322303753
8.111233872375635
8.111233401997803
8.111232910374220
8.111232396582560
8.111231859667134
8.111231298630010
8.111230712480509
8.111230100110124
8.111229460487735
8.111228792345569
8.111228094549238
8.111227365827576
8.111226604880949
8.111225810344134
8.111224980851192
8.111224114896718
8.111223210944537
8.111222267463825
8.111221282776103
8.111220255120635
8.111219182792722
8.111218063860045
8.111216896504908
8.111215678638960
8.111214408187434
8.111213083038775
8.111211700936211
8.111210259514928
8.111208756412111
8.111207189027876
8.111205554824727
8.111203851059557
8.111202074879635
8.111200223447744
8.111198293630910
8.111196282300407
8.111194186195309
8.111192001960823
8.111189725982936
8.111187354659771
8.111184884149205
8.111182310582219
8.111179629752515
8.111176837533817
8.111173929307785
8.111170900818099
8.111167747220225
8.111164463411860
8.111161044479891
8.111157485128853
8.111153779837053
8.111149922925526
8.111145908481545
8.111141730456888
8.111137382446062
8.111132857988453
8.111128150259496
8.111123252227504
8.111118156432308
8.111112855491589
8.111107341530431
8.111101606455035
8.111095641789927
8.111089438864516
8.111082988650535
8.111076281774128
8.111069308615409
8.111062059233451
8.111054523029415
8.111046689486644
8.111038547542915
8.111030085428485
8.111021291551905
8.111012153290464
8.111002658167202
8.110992792816138
8.110982543635549
8.110971896568238
8.110960836940027
8.110949349705839
8.110937419230103
8.110925029358301
8.110912163430338
8.110898803828338
8.110884933212446
8.110870532671722
8.110855583542151
8.110840065615800
8.110823958900678
8.110807242004602
8.110789893429443
8.110771890304282
8.110753209679720
8.110733827435679
8.110713718644405
8.110692857642448
8.110671217928008
8.110648772349354
8.110625492361846
8.110601348798426
8.110576311708689
8.110550349906951
8.110523431102360
8.110495522203554
8.110466588983074
8.110436596149102
8.110405506951556
8.110373284126894
8.110339888456274
8.110305280059547
8.110269417535351
8.110232257974340
8.110193757787179
8.110153871087768
8.110112551219535
8.110069750069799
8.110025417500346
8.109979502058556
8.109931951106253
8.109882709784298
8.109831721490453
8.109778928706321
8.109724271262978
8.109667687633305
8.109609113895790
8.109548484793624
8.109485732814582
8.109420788202005
8.109353579314845
8.109284032172580
8.109212070931214
8.109137617311347
8.109060590258824
8.108980906536431
8.108898480966118
8.108813224808328
8.108725047749886
8.108633856049901
8.108539553479403
8.108442041096433
8.108341216671647
8.108236975626962
8.108129209412745
8.108017807260691
8.107902654443903
8.107783633214160
8.107660622574640
8.107533497935878
8.107402131004125
8.107266390018580
8.107126138940439
8.106981238620605
8.106831545172991
8.106676911374141
8.106517185268473
8.106352211101319
8.106181828388893
8.106005871919006
8.105824172449861
8.105636556011282
8.105442842739814
8.105242848740025
8.105036385384190
8.104823258145698
8.104603266596078
8.104376206496905
8.104141867001697
8.103900030651122
8.103650475463120
8.103392972831436
8.103127287984622
8.102853180444454
8.102570402388135
8.102278699105364
8.101977810386041
8.101667468181940
8.101347396596070
8.101017315130859
8.100676931691119
8.100325949788971
8.099964064572056
8.099590962576398
8.099206321478400
8.098809811475940
8.098401095737332
8.097979823631748
8.097545642352427
8.097098183859076
8.096637075102439
8.096161929854450
8.095672355438692
8.095167945955826
8.094648286451196
8.094112952890587
8.093561508409834
8.092993506548479
8.092408488428868
8.091805984125362
8.091185511704284
8.090546578125601
8.089888677815372
8.089211291237271
8.088513888119758
8.087795922766041
8.087056837279393
8.086296061527813
8.085513008451123
8.084707079611649
8.083877659102383
8.083024117698736
8.082145810955653
8.081242078700768
8.080312244992218
8.079355617144113
8.078371485682352
8.077359125696397
8.076317792602131
8.075246726285588
8.074145146863783
8.073012257895108
8.071847243535121
8.070649267553959
8.069417475612397
8.068150991483259
8.066848923050763
8.065510350147994
8.064134338470458
8.062719927411605
8.061266136989435
8.059771960802264
8.058236374350363
8.056658327058424
8.055036745938587
8.053370530870582
8.051658557331518
8.049899678193306
8.048092717137303
8.046236473243818
8.044329718130133
8.042371198675500
8.040359626706721
8.038293691034516
8.036172050862600
8.033993334783730
8.031756138843592
8.029459035779684
8.027100554457004
8.024679204006386
8.022193455121181
8.019641742773512
8.017022472655027
8.014334014578390
8.011574701465863
8.008742830199841
8.005836664335281
8.002854425635519
7.999794300508588
7.996654437129587
7.993432942562414
7.990127886400123
7.986737291366118
7.983259142541219
7.979691385414274
7.976031915550311
7.972278587815937
7.968429214428352
7.964481559278590
7.960433334116952
7.956282216158410
7.952025829366035
7.947661734115946
7.943187460634046
7.938600481896492
7.933898215400832
7.929078024936908
7.924137226082762
7.919073076799213
7.913882781062727
7.908563477596998
7.903112260269377
7.897526155646340
7.891802128488607
7.885937094696815
7.879927895141621
7.873771308609413
7.867464064748098
7.861002802996263
7.854384117194193
7.847604521963916
7.840660473106227
7.833548341431773
7.826264446197102
7.818805015897867
7.811166206804355
7.803344117772145
7.795334749173843
7.787134027023817
7.778737823378211
7.770141892916404
7.761341930595027
7.752333551071481
7.743112268128094
7.733673518800487
7.724012648391102
7.714124914109949
7.704005496166746
7.693649456709849
7.683051784447744
7.672207361040336
7.661110972194748
7.649757315036764
7.638140973818394
7.626256436604698
7.614098084022027
7.601660189183346
7.588936939966451
7.575922375611744
7.562610446255906
7.548994997961012
7.535069739118609
7.520828281360920
7.506264105967739
7.491370571252906
7.476140923677647
7.460568271712487
7.444645615580117
7.428365795043481
7.411721541503643
7.394705440692335
7.377309969872076
7.359527438180428
7.341350016383084
7.322769725650486
7.303778482215728
7.284368004198551
7.264529900970502
7.244255591158662
7.223536373388287
7.202363351741096
7.180727484150197
7.158619597269466
7.136030304487468
7.112950080405695
7.089369208659067
7.065277804244444
7.040665817224850
7.015522995457770
6.989838925556744
6.963602976997733
6.936804354261156
6.909432078195771
6.881474952483681
6.852921578536508
6.823760355492769
6.793979502569384
6.763566999459208
6.732510623588528
6.700797935222963
6.668416292378118
6.635352791226889
6.601594325718583
6.567127542892351
6.531938880149541
6.496014505671003
6.459340363145038
6.421902156893231
6.383685284844762
6.344674965228315
6.304856124847995
6.264213391669883
6.222731161916940
6.180393577759514
6.137184437953139
6.093087317095143
6.048085476267543
6.002161885441176
5.955299216080032
5.907479863550456
5.858685880125869
5.808899019752721
5.758100715763714
5.706272073494675
5.653393900156796
5.599446630403200
5.544410378557863
5.488264893989365
5.430989598443477
5.372563563773481
5.312965474771715
5.252173629256390
5.190166005215921
5.126920164042855
5.062413213374691
4.996622030707313
4.929522980371155
4.861091988137467
4.791304615826760
4.720136016710110
4.647560890912590
4.573553485522280
4.498087654305984
4.421136723711884
4.342673671798551
4.262670860131121
4.181100227615336
4.097933350223072
4.013141232498790
3.926694277881703
3.838562497448356
3.748715361028997
3.657121827139612
3.563750268607460
3.468568547209807
3.371543969104973
3.272643255165977
3.171832675228498
3.069077690601872
2.964343341639569
2.857594009462189
2.748793505507287
2.637904982266510
2.524890903628524
2.409713164234694
2.292333000219586
2.172710974458285
2.050806976715851
1.926580134390724
1.799988931875246
1.670991166004236
1.539543856800808
1.405603292333380
1.269125088474454
1.130063935735630
0.988373867643791
0.844008111885247
0.696919090461923
0.547058360243277
0.394376702530130
0.238824004002499
0.080349286679244
